{"accepted_old_environments":[{"behavior_calibration":{"conditional_blend_used":0.35,"context_bins":64,"context_sharpening":0.46697775853777834,"fingerprint":"8c9232ceb7ad72d0772f704a92d891ec54f710cc4d97dcd0973a3412b2b4d7eb","optimizer_steps":4500,"profile":"sepsis","supported_actions":[0,1,2,3,4,5,6,7,8,9,10,11,12,13,14,15,16,17,18,19,20,21,22,23,24],"transition_matrix":[[0.43448845401214004,0.008430881541872666,0.003250136600317384,0.008233389812181514,0.00827263384767991,0.07643787754600687,0.02688890128912888,0.014911806894162553,0.005915571257921223,0.006536432563322519,0.09729135233432021,0.007595771848972333,0.014721649371468595,0.006684196052410392,0.012580426264824768,0.09380763711584242,0.004272230549677072,0.008845358481178575,0.007075316186543134,0.020885544120248196,0.0973256311260928,0.004553742307460152,0.009441427019652657,0.008243188846449295,0.013310443010125881],[0.30067644233153695,0.6093777301065619,0.0016624277869052458,0.002344199782982817,0.002346307053715855,0.0083708851053449,0.0030688592877676593,0.0025660637099785446,0.00216312936615432,0.002225448194836548,0.012613221704295319,0.0023065210215102014,0.002560679243360181,0.002238465104539893,0.0025013295604301546,0.011800792221786094,0.0019137913899641306,0.002374728031714565,0.0022700563467429095,0.002763055873254555,0.012621411499577066,0.001967798892580583,0.0024004176526620457,0.002344728049709129,0.0025215106820885413],[0.23023693038792786,0.001966027258773319,0.6945751261469746,0.001957528112096481,0.0019592508898703047,0.006942071929167344,0.0025865741836256523,0.002148450913073416,0.0018111818574536036,0.0018613752595353387,0.010343119703767433,0.0019268613707636452,0.0021436282497059203,0.0018718660606107706,0.002090696122444159,0.009692795794311631,0.0016096284409844663,0.001982594158439872,0.001897354408632287,0.002323330680322796,0.010349674324917485,0.0016534447599377746,0.002003913114618318,0.0019579599006067268,0.0021086159714387856],[0.29828815328635006,0.002342360903609547,0.0016542579376136147,0.612228547617971,0.0023341266134956954,0.008328389218266405,0.003054473588690993,0.0025531741227264346,0.002151985871234855,0.00221393981659376,0.01254335815089309,0.0022945532419266592,0.0025477985005513746,0.002226881469426983,0.0024885561524819154,0.011736316382231764,0.0019041346336579616,0.0023624049490770277,0.002258292098715063,0.00274975432560861,0.012551493385856607,0.0019578194575227467,0.0023879753209003645,0.002332555797081152,0.002508697157516487],[0.2987646008523762,0.002344803156994728,0.0016558903776753714,0.002334461811602099,0.6116596580167323,0.008336893925983668,0.003057352398252051,0.0025557509767484797,0.00215421201626031,0.0022162389395265817,0.012557325173155567,0.0022969443437388178,0.0025503735396672335,0.002229195651624013,0.0024911092388388606,0.011749208686795668,0.0019060638206272293,0.002364867294989478,0.002260642434899154,0.002752415069294875,0.012565471290468729,0.0019598130616330168,0.0023904616129488327,0.002334987884079929,0.002511258425086638],[0.5353264295090562,0.0034838043670115102,0.0023619144437597114,0.0034702401175256653,0.0034730239491807873,0.34038757875836056,0.004137841981012782,0.00365482867130695,0.003195235203302445,0.003295355172323424,0.019284714378306502,0.0034181278099748727,0.0036518582196899047,0.003315768981775933,0.0036195849372813622,0.017661115681874364,0.0027790326114413106,0.0035089254754862745,0.0033643233527662184,0.003799155720369983,0.01930133743206207,0.0028697481445124065,0.0035383161714503046,0.003470939439777704,0.0036307994703909056],[0.43978149272092015,0.0030233871682794817,0.002099841933976809,0.0030109561271541335,0.003013491466271079,0.010261432312823816,0.4466210794685213,0.003230532066754335,0.002778378473824996,0.0028607234019762356,0.01620812865377157,0.0029646741647785862,0.003226001390501103,0.00287770662285482,0.003175477582799455,0.015038383521697209,0.0024411100873484226,0.003047017405067571,0.0029185072100312574,0.0034065163088841596,0.016219974899051436,0.0025146006924742,0.0030760703122992214,0.003011592294089998,0.0031929237138486476],[0.36668786045136403,0.0026790261489195934,0.0018779189703554513,0.002667437139419879,0.0026697927898671515,0.009413855087354135,0.0034255291127383938,0.5313552994139581,0.0024605973031305976,0.002532474222439381,0.014414079725461914,0.002625030246121001,0.0028945463894299323,0.0025474225064310704,0.002835226561300333,0.013448744057510224,0.00217063261826128,0.002701359384092712,0.0025835764350261065,0.003099147871513107,0.014423824512440302,0.002233576927820418,0.0027295047345078463,0.0026680278507780833,0.002855509539758844],[0.26849431105937444,0.00218518545082879,0.0015493108239127233,0.0021755798947003784,0.002177528097478062,0.007767872656986395,0.0028648773546631322,0.002385989041243319,0.6479867649185164,0.002066312097758798,0.011637081507833255,0.002140820502209079,0.002380778154605581,0.0020782603576783624,0.002323457192786446,0.010897466032189112,0.0017803926624449773,0.0022038627831707214,0.0021072766606578257,0.002575606161995157,0.011644535089792534,0.0018299705731367796,0.002227786882493176,0.002176068235528336,0.0023429058080162777],[0.27679512657196925,0.0022299458795042373,0.0015791557279522983,0.002220127544286198,0.0022221191868211283,0.007930044558279092,0.0029197081946919713,0.0024338595075242713,0.002049740647594724,0.6379855651221472,0.011896639008447719,0.0021845735473699198,0.0024285922835974574,0.0021205274117543924,0.0023706238775614914,0.011138151040585874,0.0018155394679241403,0.0022490255550592555,0.002150238577550236,0.002625764193991014,0.011904283165843603,0.0018662822534126322,0.0022734374866143956,0.0022206267867929627,0.00239030240272463],[0.5537400653343933,0.003587912118713552,0.002408960247577066,0.003573681016480131,0.0035766034084514444,0.012565830935196995,0.004605327018961018,0.0037644231068518696,0.003283407282512958,0.003389223391024658,0.32347034945400766,0.003518852329579188,0.0037612702072854515,0.0034107968277747066,0.0037279434916153405,0.01903956754515924,0.0028449131952082833,0.003614202989023657,0.0034620879943115337,0.0039268595482001446,0.020828922189961106,0.002940215216856002,0.003644812771258766,0.0035744152241332992,0.0037393571554624524],[0.2904169943788691,0.002301721121342507,0.0016270945392361654,0.0022915716007822426,0.0022936309060484716,0.008185902362080963,0.003006254322221821,0.002510195541924353,0.002114973078182833,0.0021757070655424524,0.012310405940520774,0.6216394983702143,0.00250485355374337,0.0021883964547099225,0.0024460128886056643,0.011521119420653264,0.0018720577538841642,0.002321425032717631,0.002219200622034423,0.002705266735772215,0.012318361468846973,0.0019246744128221074,0.0023465887201071247,0.002292087826256298,0.0024660058828808507],[0.36507010818797053,0.00267126717344726,0.0018728227694884928,0.0026597022774515378,0.0026620528968563442,0.009391421708513006,0.003417681451213864,0.002892141673905484,0.0024534567225111287,0.002525103593197924,0.014372684411726056,0.002617395698389899,0.5332505645962009,0.002540006250585487,0.0028273784097609437,0.013411279396099826,0.0021645013896910673,0.0026935588811584244,0.002576054082349636,0.003091567073052637,0.014382389047198234,0.0022272218981828325,0.0027216629170598427,0.0026602917211876777,0.0028476857728007925],[0.27873614320735085,0.0022402951590759423,0.0015860630479507278,0.0022304282717713875,0.0022324298297904787,0.007967256825927974,0.0029322928752848493,0.0024448990386238324,0.002059136200948579,0.0021180041673118425,0.011956482019644502,0.0021946926680042767,0.002439619846443138,0.6356515091702811,0.0023815130448315066,0.011193595088698594,0.0018236772489793759,0.002259466504258178,0.0021601765783741127,0.0026372987459938537,0.011964170622793766,0.0018746895791439766,0.0022839892254920818,0.0022309300028290685,0.002401241030195708],[0.3455908289751612,0.0025773711773390416,0.0018108597651242272,0.0025661147125579627,0.0025684012680302283,0.009108558958675721,0.0033197810417134503,0.0027972943798984418,0.002367112076241611,0.0024359914511327893,0.013864067491299032,0.0025250645057021074,0.002791867075179614,0.0024503422657643995,0.5561358169415757,0.012948996389226192,0.002090199383990015,0.0025991207747634473,0.0024851007639561185,0.002997881828194125,0.013873299585840474,0.00215025426557321,0.0026266583307276484,0.0025666880277333986,0.002752328564599807],[0.5507796512838189,0.0035697232312742757,0.0024006804629245503,0.0035556125655141716,0.003558509992472778,0.01235937087177944,0.004565961403374039,0.0037450522480145985,0.0032680237327828874,0.0033728463103147523,0.020496900810757314,0.0035012689512778513,0.0037419390808299206,0.003394216758137809,0.0037088819509951726,0.32585764952845314,0.0028333886730618893,0.003595800558820538,0.0034450274523119355,0.003904043161817843,0.020514796859061823,0.0029278990392092364,0.0036261822072779447,0.003556340490417225,0.0037202323753000124],[0.24539940337179664,0.0020557352820114757,0.0014634079854571197,0.0020467694666335507,0.0020485872228875623,0.007287039622303728,0.002702563088042676,0.002246360953210035,0.0018920500473180713,0.0019451401388481855,0.010878356806049403,0.0020143854924843363,0.002241355737399905,0.0019562368562392033,0.0021863687165525297,0.010192054417071229,0.6760012212653281,0.0020731964335015873,0.001983193620202431,0.0024280103569015534,0.010885273045577118,0.0017254354572196985,0.002095629248833411,0.0020472250776866524,0.002205000290443722],[0.3056127883382111,0.00237969932072528,0.0016792127093403482,0.0023692070830662023,0.002371336495107683,0.008457654760207416,0.003098241778072144,0.002592492619399634,0.0021860435170107046,0.0022491094696036615,0.012756464386807288,0.0023311189529721995,0.002587091878788135,0.0022622801615066346,0.002527541838659528,0.01193289264842135,0.0019336457202306404,0.6034920689373501,0.002294239957761778,0.002790268403208701,0.012764767061804839,0.0019883186308652686,0.002425975645823018,0.002369740909037562,0.0025477987760189765],[0.2838097617569085,0.002267150419316433,0.0016039957969588964,0.0022571587546868547,0.002259185801121465,0.008063319371601728,0.0029647842030912784,0.0024734945972323366,0.0020835325728565794,0.0021432198025890074,0.012111481112760942,0.0022209558943633943,0.0024681862076705086,0.0021556920653272244,0.0024097400655416048,0.011337114684943164,0.0018448126523689763,0.0022865571146474814,0.6295583067866349,0.002667118855669818,0.012119285744398522,0.0018965252508721326,0.0023113636657059304,0.0022576668830019365,0.0024295899397305237],[0.409394927555597,0.0028834774184812494,0.002010419620076072,0.002871308019563899,0.0028737858868270708,0.009946076994773212,0.003618517188014003,0.0031003660861454053,0.0026487941715212524,0.002726873301177545,0.01546852987041449,0.0028263828311697555,0.003095363983134935,0.002743041072346392,0.003039741862790347,0.014392329915892526,0.002331297846476287,0.0029067670231418532,0.002782008174193737,0.48159368360672383,0.01547941132349321,0.002400355338842389,0.0029357550899098174,0.0028719295754472073,0.003058856243846549],[0.5537691273168696,0.003588092318591345,0.002409042503281165,0.003573860021226409,0.0035767826608687826,0.012567935672056727,0.004605719089525912,0.0037646152832798005,0.003283559720225169,0.00338938565147133,0.020813931027071058,0.003519026526753499,0.0037614619792222417,0.003410961095811998,0.0037281324781482314,0.01904248523638387,0.002845027504440978,0.0036143853104857277,0.0034622570157051336,0.0039270862739110325,0.3234476495057962,0.0029403373463535443,0.0036449973655440114,0.0035745942912060254,0.0037395468057702026],[0.24946996087630605,0.0020791360602990527,0.0014788783733910005,0.0020700518405385926,0.0020718937200271135,0.007375350377824638,0.0027323302481948504,0.002271739028751075,0.0019131827553864375,0.0019670192278367685,0.011016559588365872,0.002037229950633141,0.0022666917699787725,0.0019782718939681423,0.0022112299132619776,0.01032074828516393,0.0016974673190740352,0.0020968231129329176,0.0020056061478163486,0.0024549812152037834,0.01102357154792267,0.6710412015708278,0.0021195349412693877,0.002070513503338457,0.0022300267316872654],[0.3125326219952261,0.0024145940088592843,0.0017025228310508995,0.002403955328421933,0.0024061147409161847,0.00857690732311823,0.0031386518518663016,0.002629078906100705,0.002217916837282192,0.0022820157162208414,0.012954725928395182,0.002365310418477304,0.0026236599361953833,0.0022953982740803324,0.002563878330301878,0.01211550776721406,0.0019612535401946855,0.0024352135312552246,0.0023278645590090147,0.002827798057052065,0.012963187216670077,0.002016856837383562,0.595256244179207,0.0024044966881424847,0.002584225197359105],[0.29840720652828673,0.0023429713485672355,0.001654665969509255,0.002332638039422671,0.0023347349262659413,0.008330515616623046,0.0030551933570354705,0.002553818276277113,0.002152542279706027,0.0022145144693835953,0.012546849584029934,0.0022951508936970683,0.0025484421982398917,0.0022274598873523936,0.0024891943394579584,0.011739539271641895,0.0019046168216516766,0.0023630204200623057,0.00225887955647571,0.002750419520929003,0.012554987538155371,0.001958317744069211,0.0023885967827591576,0.6120863872332937,0.002509337397107668],[0.35249866573770483,0.0026107864425076693,0.001832968008919049,0.002599416513891533,0.002601726578343466,0.00921153209967345,0.0033552280397330793,0.0028312453244778222,0.002397823060001221,0.002467684480902655,0.014046636329283019,0.0025579095801364056,0.002825834382166214,0.002482231773894431,0.0027659607270691597,0.013115323349709739,0.0021166596793189335,0.0026327376897234606,0.002517450673760208,0.0030316268196702535,0.014056033911419685,0.002177654348635394,0.002660491331132789,0.0025999957449626865,0.548006377372963]]},"construction":{"construction_iterations":0,"exact_adaptivity_gap":0.03431715979173089,"fingerprint":"c78f0ba89ce77fb94a2602b1d1f550c26226bf8c9cee2b29c15d0429e40a5077","mask_offset":0.025,"response_strength":2.4,"terminal_logit_intercept":-0.2063460266407921},"environment_seed":171901,"feature_offsets":[0.017275779470558354,0.0003778790427039873,-0.02317712509139895,0.023921442538513776,-0.0014906038712674888,-0.004829722768805621,-0.001661934435854634,-0.00470088933238811,-0.01865611976015268,0.012935002350487904,0.016739022987593277,0.006583236153470937,0.016805305890706168,-0.014283135165919414,-0.000775879683600024,-0.004288852903638778,-0.0042076600350549505,-0.012685618246303815,0.0005066971767082491,-0.018145633619886498,0.009486256779722528,-0.01328352499150124,-0.021047916881096806,0.011171574545564611,0.00019177311503786737,-0.0014242429000117136,-0.01083469793666429,0.00937630987037378,0.007287115657521832,-0.0174759413178903,-0.006481732186357593,0.017040359537296053,-0.023151983790610443],"generator":{"behavior_calibration_learning_rate":0.03,"behavior_calibration_steps":4500,"behavior_conditional_blend":0.35,"behavior_context_bins":64,"concentrated_previous_action_mass":0.94,"current_response_weight":0.45,"delayed_response_weight":0.55,"dense_response_fraction":0.1,"discount":0.99,"horizon":11,"latent_states":5,"latent_subtypes":3,"mask_calibration_offset":0.025,"mask_past_action_effect":0.02,"mask_prior_observed_effect":0.08,"mask_recency_effect":0.01,"mask_severity_effect":0.08,"observation_loading":0.82,"observation_noise":1.25,"response_strength_initial":2.4,"response_strength_maximum":5.0,"response_strength_step":0.2,"subtype_observation_shift":0.3,"switching_cost_scale":0.02,"toxicity_scale":0.035,"treatment_cost_scale":0.03},"initial_state_probability":[0.12,0.2,0.36,0.22,0.1],"mechanism_sha256":"5513c77c625f050d1961a61cbc489e48316501017824837265706a6a8afa1a0b","profile_contract":{"action_count":25,"dense_targets":[{"availability_or_nonzero_fraction":0.9435437627065631,"fraction_semantics":"nonzero_fraction_over_defined_reward_rows","name":"sepsis_lactate_delta_component","primary":false,"variance":0.35737770795822144}],"feature_dim":33,"primary_reward":"terminal_discharge_origin_90d_proxy","primary_reward_type":"terminal","profile":"sepsis","supported_actions":[0,1,2,3,4,5,6,7,8,9,10,11,12,13,14,15,16,17,18,19,20,21,22,23,24],"target_action_frequency":[0.434798698,0.013650848,0.0084015762,0.0135137913,0.0135412027,0.0583450403,0.0248689395,0.0175775227,0.0116703786,0.0122186054,0.0742641768,0.0130546514,0.0174678773,0.0123419565,0.0162275141,0.0714956313,0.0098886414,0.0139318143,0.0126571869,0.0210587631,0.0742915881,0.010238136,0.0143224259,0.0135206442,0.0166523899],"target_conditional_entropy":0.37507111968179124,"target_conditional_max":0.6488516641416711,"target_early_termination":0.833595328991691,"target_mean_horizon":7.990882551089153,"target_missingness":0.5347246665732189,"target_switch_rate":0.5534268753372908,"terminal_event_prevalence":0.32845272849764207,"terminal_reward_maximum":1.0,"terminal_reward_minimum":-1.0,"termination_hazards":[0.010554682236694363,0.012936904221516114,0.039641296849850544,0.06440645501125317,0.05926911659330535,0.07415669205658325,0.11835223599929483,0.2762114243817903,0.4021548945575099,0.42929759704251386,1.0]},"subtype_prevalence":[0.4626952675134641,0.4901904095318973,0.04711432295463864]},{"behavior_calibration":{"conditional_blend_used":0.35,"context_bins":64,"context_sharpening":0.46697775853777834,"fingerprint":"8c9232ceb7ad72d0772f704a92d891ec54f710cc4d97dcd0973a3412b2b4d7eb","optimizer_steps":4500,"profile":"sepsis","supported_actions":[0,1,2,3,4,5,6,7,8,9,10,11,12,13,14,15,16,17,18,19,20,21,22,23,24],"transition_matrix":[[0.43448845401214004,0.008430881541872666,0.003250136600317384,0.008233389812181514,0.00827263384767991,0.07643787754600687,0.02688890128912888,0.014911806894162553,0.005915571257921223,0.006536432563322519,0.09729135233432021,0.007595771848972333,0.014721649371468595,0.006684196052410392,0.012580426264824768,0.09380763711584242,0.004272230549677072,0.008845358481178575,0.007075316186543134,0.020885544120248196,0.0973256311260928,0.004553742307460152,0.009441427019652657,0.008243188846449295,0.013310443010125881],[0.30067644233153695,0.6093777301065619,0.0016624277869052458,0.002344199782982817,0.002346307053715855,0.0083708851053449,0.0030688592877676593,0.0025660637099785446,0.00216312936615432,0.002225448194836548,0.012613221704295319,0.0023065210215102014,0.002560679243360181,0.002238465104539893,0.0025013295604301546,0.011800792221786094,0.0019137913899641306,0.002374728031714565,0.0022700563467429095,0.002763055873254555,0.012621411499577066,0.001967798892580583,0.0024004176526620457,0.002344728049709129,0.0025215106820885413],[0.23023693038792786,0.001966027258773319,0.6945751261469746,0.001957528112096481,0.0019592508898703047,0.006942071929167344,0.0025865741836256523,0.002148450913073416,0.0018111818574536036,0.0018613752595353387,0.010343119703767433,0.0019268613707636452,0.0021436282497059203,0.0018718660606107706,0.002090696122444159,0.009692795794311631,0.0016096284409844663,0.001982594158439872,0.001897354408632287,0.002323330680322796,0.010349674324917485,0.0016534447599377746,0.002003913114618318,0.0019579599006067268,0.0021086159714387856],[0.29828815328635006,0.002342360903609547,0.0016542579376136147,0.612228547617971,0.0023341266134956954,0.008328389218266405,0.003054473588690993,0.0025531741227264346,0.002151985871234855,0.00221393981659376,0.01254335815089309,0.0022945532419266592,0.0025477985005513746,0.002226881469426983,0.0024885561524819154,0.011736316382231764,0.0019041346336579616,0.0023624049490770277,0.002258292098715063,0.00274975432560861,0.012551493385856607,0.0019578194575227467,0.0023879753209003645,0.002332555797081152,0.002508697157516487],[0.2987646008523762,0.002344803156994728,0.0016558903776753714,0.002334461811602099,0.6116596580167323,0.008336893925983668,0.003057352398252051,0.0025557509767484797,0.00215421201626031,0.0022162389395265817,0.012557325173155567,0.0022969443437388178,0.0025503735396672335,0.002229195651624013,0.0024911092388388606,0.011749208686795668,0.0019060638206272293,0.002364867294989478,0.002260642434899154,0.002752415069294875,0.012565471290468729,0.0019598130616330168,0.0023904616129488327,0.002334987884079929,0.002511258425086638],[0.5353264295090562,0.0034838043670115102,0.0023619144437597114,0.0034702401175256653,0.0034730239491807873,0.34038757875836056,0.004137841981012782,0.00365482867130695,0.003195235203302445,0.003295355172323424,0.019284714378306502,0.0034181278099748727,0.0036518582196899047,0.003315768981775933,0.0036195849372813622,0.017661115681874364,0.0027790326114413106,0.0035089254754862745,0.0033643233527662184,0.003799155720369983,0.01930133743206207,0.0028697481445124065,0.0035383161714503046,0.003470939439777704,0.0036307994703909056],[0.43978149272092015,0.0030233871682794817,0.002099841933976809,0.0030109561271541335,0.003013491466271079,0.010261432312823816,0.4466210794685213,0.003230532066754335,0.002778378473824996,0.0028607234019762356,0.01620812865377157,0.0029646741647785862,0.003226001390501103,0.00287770662285482,0.003175477582799455,0.015038383521697209,0.0024411100873484226,0.003047017405067571,0.0029185072100312574,0.0034065163088841596,0.016219974899051436,0.0025146006924742,0.0030760703122992214,0.003011592294089998,0.0031929237138486476],[0.36668786045136403,0.0026790261489195934,0.0018779189703554513,0.002667437139419879,0.0026697927898671515,0.009413855087354135,0.0034255291127383938,0.5313552994139581,0.0024605973031305976,0.002532474222439381,0.014414079725461914,0.002625030246121001,0.0028945463894299323,0.0025474225064310704,0.002835226561300333,0.013448744057510224,0.00217063261826128,0.002701359384092712,0.0025835764350261065,0.003099147871513107,0.014423824512440302,0.002233576927820418,0.0027295047345078463,0.0026680278507780833,0.002855509539758844],[0.26849431105937444,0.00218518545082879,0.0015493108239127233,0.0021755798947003784,0.002177528097478062,0.007767872656986395,0.0028648773546631322,0.002385989041243319,0.6479867649185164,0.002066312097758798,0.011637081507833255,0.002140820502209079,0.002380778154605581,0.0020782603576783624,0.002323457192786446,0.010897466032189112,0.0017803926624449773,0.0022038627831707214,0.0021072766606578257,0.002575606161995157,0.011644535089792534,0.0018299705731367796,0.002227786882493176,0.002176068235528336,0.0023429058080162777],[0.27679512657196925,0.0022299458795042373,0.0015791557279522983,0.002220127544286198,0.0022221191868211283,0.007930044558279092,0.0029197081946919713,0.0024338595075242713,0.002049740647594724,0.6379855651221472,0.011896639008447719,0.0021845735473699198,0.0024285922835974574,0.0021205274117543924,0.0023706238775614914,0.011138151040585874,0.0018155394679241403,0.0022490255550592555,0.002150238577550236,0.002625764193991014,0.011904283165843603,0.0018662822534126322,0.0022734374866143956,0.0022206267867929627,0.00239030240272463],[0.5537400653343933,0.003587912118713552,0.002408960247577066,0.003573681016480131,0.0035766034084514444,0.012565830935196995,0.004605327018961018,0.0037644231068518696,0.003283407282512958,0.003389223391024658,0.32347034945400766,0.003518852329579188,0.0037612702072854515,0.0034107968277747066,0.0037279434916153405,0.01903956754515924,0.0028449131952082833,0.003614202989023657,0.0034620879943115337,0.0039268595482001446,0.020828922189961106,0.002940215216856002,0.003644812771258766,0.0035744152241332992,0.0037393571554624524],[0.2904169943788691,0.002301721121342507,0.0016270945392361654,0.0022915716007822426,0.0022936309060484716,0.008185902362080963,0.003006254322221821,0.002510195541924353,0.002114973078182833,0.0021757070655424524,0.012310405940520774,0.6216394983702143,0.00250485355374337,0.0021883964547099225,0.0024460128886056643,0.011521119420653264,0.0018720577538841642,0.002321425032717631,0.002219200622034423,0.002705266735772215,0.012318361468846973,0.0019246744128221074,0.0023465887201071247,0.002292087826256298,0.0024660058828808507],[0.36507010818797053,0.00267126717344726,0.0018728227694884928,0.0026597022774515378,0.0026620528968563442,0.009391421708513006,0.003417681451213864,0.002892141673905484,0.0024534567225111287,0.002525103593197924,0.014372684411726056,0.002617395698389899,0.5332505645962009,0.002540006250585487,0.0028273784097609437,0.013411279396099826,0.0021645013896910673,0.0026935588811584244,0.002576054082349636,0.003091567073052637,0.014382389047198234,0.0022272218981828325,0.0027216629170598427,0.0026602917211876777,0.0028476857728007925],[0.27873614320735085,0.0022402951590759423,0.0015860630479507278,0.0022304282717713875,0.0022324298297904787,0.007967256825927974,0.0029322928752848493,0.0024448990386238324,0.002059136200948579,0.0021180041673118425,0.011956482019644502,0.0021946926680042767,0.002439619846443138,0.6356515091702811,0.0023815130448315066,0.011193595088698594,0.0018236772489793759,0.002259466504258178,0.0021601765783741127,0.0026372987459938537,0.011964170622793766,0.0018746895791439766,0.0022839892254920818,0.0022309300028290685,0.002401241030195708],[0.3455908289751612,0.0025773711773390416,0.0018108597651242272,0.0025661147125579627,0.0025684012680302283,0.009108558958675721,0.0033197810417134503,0.0027972943798984418,0.002367112076241611,0.0024359914511327893,0.013864067491299032,0.0025250645057021074,0.002791867075179614,0.0024503422657643995,0.5561358169415757,0.012948996389226192,0.002090199383990015,0.0025991207747634473,0.0024851007639561185,0.002997881828194125,0.013873299585840474,0.00215025426557321,0.0026266583307276484,0.0025666880277333986,0.002752328564599807],[0.5507796512838189,0.0035697232312742757,0.0024006804629245503,0.0035556125655141716,0.003558509992472778,0.01235937087177944,0.004565961403374039,0.0037450522480145985,0.0032680237327828874,0.0033728463103147523,0.020496900810757314,0.0035012689512778513,0.0037419390808299206,0.003394216758137809,0.0037088819509951726,0.32585764952845314,0.0028333886730618893,0.003595800558820538,0.0034450274523119355,0.003904043161817843,0.020514796859061823,0.0029278990392092364,0.0036261822072779447,0.003556340490417225,0.0037202323753000124],[0.24539940337179664,0.0020557352820114757,0.0014634079854571197,0.0020467694666335507,0.0020485872228875623,0.007287039622303728,0.002702563088042676,0.002246360953210035,0.0018920500473180713,0.0019451401388481855,0.010878356806049403,0.0020143854924843363,0.002241355737399905,0.0019562368562392033,0.0021863687165525297,0.010192054417071229,0.6760012212653281,0.0020731964335015873,0.001983193620202431,0.0024280103569015534,0.010885273045577118,0.0017254354572196985,0.002095629248833411,0.0020472250776866524,0.002205000290443722],[0.3056127883382111,0.00237969932072528,0.0016792127093403482,0.0023692070830662023,0.002371336495107683,0.008457654760207416,0.003098241778072144,0.002592492619399634,0.0021860435170107046,0.0022491094696036615,0.012756464386807288,0.0023311189529721995,0.002587091878788135,0.0022622801615066346,0.002527541838659528,0.01193289264842135,0.0019336457202306404,0.6034920689373501,0.002294239957761778,0.002790268403208701,0.012764767061804839,0.0019883186308652686,0.002425975645823018,0.002369740909037562,0.0025477987760189765],[0.2838097617569085,0.002267150419316433,0.0016039957969588964,0.0022571587546868547,0.002259185801121465,0.008063319371601728,0.0029647842030912784,0.0024734945972323366,0.0020835325728565794,0.0021432198025890074,0.012111481112760942,0.0022209558943633943,0.0024681862076705086,0.0021556920653272244,0.0024097400655416048,0.011337114684943164,0.0018448126523689763,0.0022865571146474814,0.6295583067866349,0.002667118855669818,0.012119285744398522,0.0018965252508721326,0.0023113636657059304,0.0022576668830019365,0.0024295899397305237],[0.409394927555597,0.0028834774184812494,0.002010419620076072,0.002871308019563899,0.0028737858868270708,0.009946076994773212,0.003618517188014003,0.0031003660861454053,0.0026487941715212524,0.002726873301177545,0.01546852987041449,0.0028263828311697555,0.003095363983134935,0.002743041072346392,0.003039741862790347,0.014392329915892526,0.002331297846476287,0.0029067670231418532,0.002782008174193737,0.48159368360672383,0.01547941132349321,0.002400355338842389,0.0029357550899098174,0.0028719295754472073,0.003058856243846549],[0.5537691273168696,0.003588092318591345,0.002409042503281165,0.003573860021226409,0.0035767826608687826,0.012567935672056727,0.004605719089525912,0.0037646152832798005,0.003283559720225169,0.00338938565147133,0.020813931027071058,0.003519026526753499,0.0037614619792222417,0.003410961095811998,0.0037281324781482314,0.01904248523638387,0.002845027504440978,0.0036143853104857277,0.0034622570157051336,0.0039270862739110325,0.3234476495057962,0.0029403373463535443,0.0036449973655440114,0.0035745942912060254,0.0037395468057702026],[0.24946996087630605,0.0020791360602990527,0.0014788783733910005,0.0020700518405385926,0.0020718937200271135,0.007375350377824638,0.0027323302481948504,0.002271739028751075,0.0019131827553864375,0.0019670192278367685,0.011016559588365872,0.002037229950633141,0.0022666917699787725,0.0019782718939681423,0.0022112299132619776,0.01032074828516393,0.0016974673190740352,0.0020968231129329176,0.0020056061478163486,0.0024549812152037834,0.01102357154792267,0.6710412015708278,0.0021195349412693877,0.002070513503338457,0.0022300267316872654],[0.3125326219952261,0.0024145940088592843,0.0017025228310508995,0.002403955328421933,0.0024061147409161847,0.00857690732311823,0.0031386518518663016,0.002629078906100705,0.002217916837282192,0.0022820157162208414,0.012954725928395182,0.002365310418477304,0.0026236599361953833,0.0022953982740803324,0.002563878330301878,0.01211550776721406,0.0019612535401946855,0.0024352135312552246,0.0023278645590090147,0.002827798057052065,0.012963187216670077,0.002016856837383562,0.595256244179207,0.0024044966881424847,0.002584225197359105],[0.29840720652828673,0.0023429713485672355,0.001654665969509255,0.002332638039422671,0.0023347349262659413,0.008330515616623046,0.0030551933570354705,0.002553818276277113,0.002152542279706027,0.0022145144693835953,0.012546849584029934,0.0022951508936970683,0.0025484421982398917,0.0022274598873523936,0.0024891943394579584,0.011739539271641895,0.0019046168216516766,0.0023630204200623057,0.00225887955647571,0.002750419520929003,0.012554987538155371,0.001958317744069211,0.0023885967827591576,0.6120863872332937,0.002509337397107668],[0.35249866573770483,0.0026107864425076693,0.001832968008919049,0.002599416513891533,0.002601726578343466,0.00921153209967345,0.0033552280397330793,0.0028312453244778222,0.002397823060001221,0.002467684480902655,0.014046636329283019,0.0025579095801364056,0.002825834382166214,0.002482231773894431,0.0027659607270691597,0.013115323349709739,0.0021166596793189335,0.0026327376897234606,0.002517450673760208,0.0030316268196702535,0.014056033911419685,0.002177654348635394,0.002660491331132789,0.0025999957449626865,0.548006377372963]]},"construction":{"construction_iterations":0,"exact_adaptivity_gap":0.03563485634370778,"fingerprint":"fbdbce577a134d2b1f74bd4452b2d42ab66a0bd47c79ff3fcb3d3421dd8a9223","mask_offset":0.025,"response_strength":2.4,"terminal_logit_intercept":-0.17584753120270696},"environment_seed":171902,"feature_offsets":[0.01935272780451005,0.011754104349162416,-0.01858252082652122,0.002108014737780616,0.01964117976471852,0.01913366077524114,-0.02464104595429575,0.015352299567771503,-0.012668408173423152,0.021529301785556003,0.01028917883890472,-0.014549096326546364,-0.01122676443099881,-0.015682367635027134,0.013341991647058703,0.0183398148886902,-0.013620046112373468,0.012786516230207406,-0.004925014857478399,-0.023714521753899737,0.006265806396528559,0.001947824355808786,-0.0010097626496216108,-0.019902161612328325,-0.019326307981208015,0.012709830509450758,-0.017870147200139182,0.018369231915293556,-0.01170164685514788,-0.0012419813063284865,-0.0171161068900058,-0.007065392693529533,0.020805387670124506],"generator":{"behavior_calibration_learning_rate":0.03,"behavior_calibration_steps":4500,"behavior_conditional_blend":0.35,"behavior_context_bins":64,"concentrated_previous_action_mass":0.94,"current_response_weight":0.45,"delayed_response_weight":0.55,"dense_response_fraction":0.1,"discount":0.99,"horizon":11,"latent_states":5,"latent_subtypes":3,"mask_calibration_offset":0.025,"mask_past_action_effect":0.02,"mask_prior_observed_effect":0.08,"mask_recency_effect":0.01,"mask_severity_effect":0.08,"observation_loading":0.82,"observation_noise":1.25,"response_strength_initial":2.4,"response_strength_maximum":5.0,"response_strength_step":0.2,"subtype_observation_shift":0.3,"switching_cost_scale":0.02,"toxicity_scale":0.035,"treatment_cost_scale":0.03},"initial_state_probability":[0.12,0.2,0.36,0.22,0.1],"mechanism_sha256":"c4715d9bfb30e552c4050a6f40848e4e357214ed79e31823889a4d0efc941267","profile_contract":{"action_count":25,"dense_targets":[{"availability_or_nonzero_fraction":0.9435437627065631,"fraction_semantics":"nonzero_fraction_over_defined_reward_rows","name":"sepsis_lactate_delta_component","primary":false,"variance":0.35737770795822144}],"feature_dim":33,"primary_reward":"terminal_discharge_origin_90d_proxy","primary_reward_type":"terminal","profile":"sepsis","supported_actions":[0,1,2,3,4,5,6,7,8,9,10,11,12,13,14,15,16,17,18,19,20,21,22,23,24],"target_action_frequency":[0.434798698,0.013650848,0.0084015762,0.0135137913,0.0135412027,0.0583450403,0.0248689395,0.0175775227,0.0116703786,0.0122186054,0.0742641768,0.0130546514,0.0174678773,0.0123419565,0.0162275141,0.0714956313,0.0098886414,0.0139318143,0.0126571869,0.0210587631,0.0742915881,0.010238136,0.0143224259,0.0135206442,0.0166523899],"target_conditional_entropy":0.37507111968179124,"target_conditional_max":0.6488516641416711,"target_early_termination":0.833595328991691,"target_mean_horizon":7.990882551089153,"target_missingness":0.5347246665732189,"target_switch_rate":0.5534268753372908,"terminal_event_prevalence":0.32845272849764207,"terminal_reward_maximum":1.0,"terminal_reward_minimum":-1.0,"termination_hazards":[0.010554682236694363,0.012936904221516114,0.039641296849850544,0.06440645501125317,0.05926911659330535,0.07415669205658325,0.11835223599929483,0.2762114243817903,0.4021548945575099,0.42929759704251386,1.0]},"subtype_prevalence":[0.266686250124912,0.4505968325184125,0.2827169173566756]},{"behavior_calibration":{"conditional_blend_used":0.35,"context_bins":64,"context_sharpening":0.46697775853777834,"fingerprint":"8c9232ceb7ad72d0772f704a92d891ec54f710cc4d97dcd0973a3412b2b4d7eb","optimizer_steps":4500,"profile":"sepsis","supported_actions":[0,1,2,3,4,5,6,7,8,9,10,11,12,13,14,15,16,17,18,19,20,21,22,23,24],"transition_matrix":[[0.43448845401214004,0.008430881541872666,0.003250136600317384,0.008233389812181514,0.00827263384767991,0.07643787754600687,0.02688890128912888,0.014911806894162553,0.005915571257921223,0.006536432563322519,0.09729135233432021,0.007595771848972333,0.014721649371468595,0.006684196052410392,0.012580426264824768,0.09380763711584242,0.004272230549677072,0.008845358481178575,0.007075316186543134,0.020885544120248196,0.0973256311260928,0.004553742307460152,0.009441427019652657,0.008243188846449295,0.013310443010125881],[0.30067644233153695,0.6093777301065619,0.0016624277869052458,0.002344199782982817,0.002346307053715855,0.0083708851053449,0.0030688592877676593,0.0025660637099785446,0.00216312936615432,0.002225448194836548,0.012613221704295319,0.0023065210215102014,0.002560679243360181,0.002238465104539893,0.0025013295604301546,0.011800792221786094,0.0019137913899641306,0.002374728031714565,0.0022700563467429095,0.002763055873254555,0.012621411499577066,0.001967798892580583,0.0024004176526620457,0.002344728049709129,0.0025215106820885413],[0.23023693038792786,0.001966027258773319,0.6945751261469746,0.001957528112096481,0.0019592508898703047,0.006942071929167344,0.0025865741836256523,0.002148450913073416,0.0018111818574536036,0.0018613752595353387,0.010343119703767433,0.0019268613707636452,0.0021436282497059203,0.0018718660606107706,0.002090696122444159,0.009692795794311631,0.0016096284409844663,0.001982594158439872,0.001897354408632287,0.002323330680322796,0.010349674324917485,0.0016534447599377746,0.002003913114618318,0.0019579599006067268,0.0021086159714387856],[0.29828815328635006,0.002342360903609547,0.0016542579376136147,0.612228547617971,0.0023341266134956954,0.008328389218266405,0.003054473588690993,0.0025531741227264346,0.002151985871234855,0.00221393981659376,0.01254335815089309,0.0022945532419266592,0.0025477985005513746,0.002226881469426983,0.0024885561524819154,0.011736316382231764,0.0019041346336579616,0.0023624049490770277,0.002258292098715063,0.00274975432560861,0.012551493385856607,0.0019578194575227467,0.0023879753209003645,0.002332555797081152,0.002508697157516487],[0.2987646008523762,0.002344803156994728,0.0016558903776753714,0.002334461811602099,0.6116596580167323,0.008336893925983668,0.003057352398252051,0.0025557509767484797,0.00215421201626031,0.0022162389395265817,0.012557325173155567,0.0022969443437388178,0.0025503735396672335,0.002229195651624013,0.0024911092388388606,0.011749208686795668,0.0019060638206272293,0.002364867294989478,0.002260642434899154,0.002752415069294875,0.012565471290468729,0.0019598130616330168,0.0023904616129488327,0.002334987884079929,0.002511258425086638],[0.5353264295090562,0.0034838043670115102,0.0023619144437597114,0.0034702401175256653,0.0034730239491807873,0.34038757875836056,0.004137841981012782,0.00365482867130695,0.003195235203302445,0.003295355172323424,0.019284714378306502,0.0034181278099748727,0.0036518582196899047,0.003315768981775933,0.0036195849372813622,0.017661115681874364,0.0027790326114413106,0.0035089254754862745,0.0033643233527662184,0.003799155720369983,0.01930133743206207,0.0028697481445124065,0.0035383161714503046,0.003470939439777704,0.0036307994703909056],[0.43978149272092015,0.0030233871682794817,0.002099841933976809,0.0030109561271541335,0.003013491466271079,0.010261432312823816,0.4466210794685213,0.003230532066754335,0.002778378473824996,0.0028607234019762356,0.01620812865377157,0.0029646741647785862,0.003226001390501103,0.00287770662285482,0.003175477582799455,0.015038383521697209,0.0024411100873484226,0.003047017405067571,0.0029185072100312574,0.0034065163088841596,0.016219974899051436,0.0025146006924742,0.0030760703122992214,0.003011592294089998,0.0031929237138486476],[0.36668786045136403,0.0026790261489195934,0.0018779189703554513,0.002667437139419879,0.0026697927898671515,0.009413855087354135,0.0034255291127383938,0.5313552994139581,0.0024605973031305976,0.002532474222439381,0.014414079725461914,0.002625030246121001,0.0028945463894299323,0.0025474225064310704,0.002835226561300333,0.013448744057510224,0.00217063261826128,0.002701359384092712,0.0025835764350261065,0.003099147871513107,0.014423824512440302,0.002233576927820418,0.0027295047345078463,0.0026680278507780833,0.002855509539758844],[0.26849431105937444,0.00218518545082879,0.0015493108239127233,0.0021755798947003784,0.002177528097478062,0.007767872656986395,0.0028648773546631322,0.002385989041243319,0.6479867649185164,0.002066312097758798,0.011637081507833255,0.002140820502209079,0.002380778154605581,0.0020782603576783624,0.002323457192786446,0.010897466032189112,0.0017803926624449773,0.0022038627831707214,0.0021072766606578257,0.002575606161995157,0.011644535089792534,0.0018299705731367796,0.002227786882493176,0.002176068235528336,0.0023429058080162777],[0.27679512657196925,0.0022299458795042373,0.0015791557279522983,0.002220127544286198,0.0022221191868211283,0.007930044558279092,0.0029197081946919713,0.0024338595075242713,0.002049740647594724,0.6379855651221472,0.011896639008447719,0.0021845735473699198,0.0024285922835974574,0.0021205274117543924,0.0023706238775614914,0.011138151040585874,0.0018155394679241403,0.0022490255550592555,0.002150238577550236,0.002625764193991014,0.011904283165843603,0.0018662822534126322,0.0022734374866143956,0.0022206267867929627,0.00239030240272463],[0.5537400653343933,0.003587912118713552,0.002408960247577066,0.003573681016480131,0.0035766034084514444,0.012565830935196995,0.004605327018961018,0.0