surface,fixture,status,output_sha256
canonical_v2_point,point.json,pass,d0eb6e8868b4d601944786ba351544e1942e22b30abbb3d1b1eb41ec644341c9
canonical_v2_independent_gaussian,gaussian.json,pass,892d50c3f2b586ff115932303f71e4519842f626f57b2ccf628db9003a665eaa
canonical_v2_gaussian_ensemble,ensemble.json,pass,4d7b0a83543ac9aafffe9f35aa934bd433367667944ea7317b4f064d84edc344
extracted_archive_canonical_v2_independent_gaussian,gaussian.json,pass,892d50c3f2b586ff115932303f71e4519842f626f57b2ccf628db9003a665eaa
